0         70  150
1        150  100
2        220  250
3        230  150
4        290   25
5        340  150
6        370  200
7        430  200
8        520   25
9        590  100
10       640  125
11       670   75
12       680   75
13       750  200
14       760  225
15       770  225
16       780  300
17       880   75
18       950  250
19       980  225
20      1050  200
21      1130  100
22      1150  300
23      1240  100
24      1270   75
25      1310  100
26      1330  125
27      1340  150
28      1400   75
29      1500   50
30      1530  250
31      1550   50
32      1600  125
33      1680  125
34      1770  100
35      1830  275
36      1910  225
37      1990   50
38      2020  250
39      2100  125
40      2170   50
41      2220   25
42      2270  175
43      2330  125
44      2340  200
45      2390  275
46      2470   50
47      2510  225
48      2550  175
49      2630  250
50      2690  225
51      2740  275
52      2760  200
53      2830  225
54      2930  300
55      2950  300
56      3040  200
57      3080  275
58      3170   50
59      3190  225
60      3250   50
61      3280  275
62      3310  125
63      3370  300
64      3410  275
65      3510  125
66      3600  300
67      3640  125
68      3720   25
69      3790  200
70      3870  125
71      3920  300
72      3980  275
73      3990  200
74      4080  275
75      4170  175
76      4230  300
77      4300  100
78      4310   25
79      4410  175
80      4500  175
81      4530  250
82      4600  125
83      4640   25
84      4670   75
85      4720  150
86      4800  100
87      4900  175
88      4970  125
89      5060  225
90      5140   75
91      5220   25
92      5320  150
93      5390   50
94      5480  100
95      5540  150
96      5600  200
97      5630  275
98      5660   50
99      5690   25
